  -0.997497    0.198096   0.0626545   -0.631458    0.376324   0.0848109   -0.518906    0.790643    0.727103   -0.257546
   0.127171    -0.22953   -0.611866    0.475814   0.0643025    0.969665   0.0428785    0.420392   -0.226478    0.559008
  -0.613392    0.470016    0.686087    0.110263    0.212561   -0.892392    0.804559    0.456893   -0.387188   -0.534959
   0.617481    0.217933    0.253517    0.810175   -0.209632   -0.837153   -0.787164    0.792108   -0.431562    0.276467
   0.170019     0.14481    0.315226   -0.514267    -0.98822   0.0493484    0.805292   -0.212867   -0.946593   -0.536668
 -0.0402539   -0.277322   -0.604297    -0.62212    0.415754   -0.146397    -0.11655   -0.205176    0.225135   -0.590808
  -0.299417    -0.69689    0.684317    0.209449   -0.798761   -0.810663   -0.839778    0.807733   -0.217627    0.942076
   0.791925   -0.549791   -0.753349    0.397015    0.246132   -0.482406    0.564196   -0.382794   -0.962767   -0.436506
    0.64568   -0.149693   -0.780145    0.169225    0.726493    0.783074   -0.656423   -0.223792   -0.937925   -0.954222
    0.49321    0.605762    0.486251   -0.297403  -0.0169988   -0.534471     0.94879    0.141148  -0.0885952    0.538438
  -0.651784   0.0342112   -0.371868  -0.0110782    0.494675     -0.7069    0.551744   -0.292886    0.715873   -0.696341
   0.717887     0.97998    0.882138   -0.839228 -0.00619526   -0.749809    0.740776    0.467391    0.873531   -0.906064
   0.421003    0.503098   -0.427839    0.481491   -0.239784    0.863277   -0.578722    0.490707   -0.196203   -0.981506
  0.0270699   -0.308878   -0.327372    0.224097    0.570727   -0.839778  -0.0867641    0.472762    0.454573   -0.302835
   -0.39201   -0.662038   -0.719474    0.240761    0.105625    -0.90582   -0.992492    0.478866    0.223182    0.287759
  -0.970031    0.314615     0.46617    0.382244   -0.285806   -0.882565    0.501267   -0.721366    0.616749   -0.313517
  -0.817194  -0.0162053     0.66924    0.609058    0.911435   -0.327189   -0.771905   -0.599658    0.750847   -0.170873
  -0.271096   -0.872921    0.415998   -0.701773    0.261696    0.829402   -0.190588   -0.454817    0.165197   -0.166967
  -0.705374    0.399518    0.200476    0.152074    -0.64684   -0.202795   -0.377728    0.360881    0.190039   -0.818659
  -0.668203  0.00961333     0.49443    0.735466   -0.251503   -0.134434    0.985229     0.82226   -0.841975   0.0903653
    0.97705   -0.705008   -0.494552    0.823115   -0.736747    0.892331   -0.922849   -0.264321    0.586352    0.398541
  -0.108615    0.899167   -0.711051    0.229408    0.486557    0.674368   -0.495834   0.0353099  -0.0755943   -0.324015
  -0.761834   -0.716849   -0.996765    0.455367    0.903439    0.068453   -0.621448   -0.781243    0.181249    0.315043
  -0.990661    0.810236   -0.877987   -0.913572    0.223975    0.684194   -0.504624    0.814875    0.178869    0.752495
  -0.982177    0.385784    0.612476    0.335551   -0.944334    0.387066   -0.692984    -0.59386    0.138401   0.0709555
   -0.24424   -0.393902    0.705252    0.953063   -0.340312   -0.204627    0.240638   0.0359203     0.63213    0.140049
  0.0633259   -0.146886   -0.578845   -0.369976    -0.88818   -0.481674    0.770745    0.309671      0.3455   -0.892026
   0.142369   -0.859249   -0.768792    0.138401     0.27842   -0.991333     0.87817   -0.122959   -0.312845   -0.068453
   0.203528    0.933226    0.106418   -0.388348   -0.736747   0.0511795   -0.608692    0.375286   -0.979553   -0.480026
   0.214331    0.366375   -0.971496    -0.65215    0.694143    0.909604    0.559313   -0.819147   -0.465377   -0.146397
  -0.667531   -0.693533   -0.772454   -0.782891    0.728629   -0.202612    0.291116   -0.840876   -0.316874    0.726676
    0.32609    0.754509  -0.0909757     0.73809    0.193762   -0.517808    0.313517   -0.848445   -0.535813  -0.0268258
 -0.0984222    0.643361     0.50444    0.702445    0.443281    0.171117    0.818293   -0.944395    0.542039   -0.825129
  -0.295755    0.164098    0.372295    0.488632    0.707938   -0.489731  -0.0890835   -0.289834   -0.256508    0.131626
  -0.885922   -0.617298   0.0868862   -0.690237   -0.970641    0.368023    0.842586    -0.38554    0.739738    0.418806
   0.215369   -0.644215   -0.852229   -0.346171   -0.747063    0.890561    0.328349    0.394574   -0.766289    0.556932
   0.566637    0.634388    -0.12656   -0.841304    0.415815   -0.129002   -0.698477   -0.714652    0.451155    0.728446
   0.605213  -0.0494705   -0.596118   -0.846797    0.234291     0.78045    0.272683   -0.210303    0.257851    0.701102
  0.0397656   -0.688894    0.392438    0.281961   -0.564867   -0.985656    0.139073   -0.864315    0.787896   -0.413984
    -0.3961  0.00784326   -0.419294    0.640004   -0.868099    0.881954   -0.155919    0.351482   -0.633961    0.728751
   0.751946    0.464034   -0.126621   0.0901822    -0.66216    0.203101    0.886044    0.449873   0.0711386    0.289834
   0.453352   -0.188818   -0.535142   -0.103488    0.248207    0.572314   0.0811487   -0.602588     0.80401    0.493698
   0.911802    -0.44084    0.155736   -0.182043   -0.318033    0.153356     0.15714    0.388043    0.560167    0.657277
   0.851436    0.137486    0.065157   -0.402509   -0.361187    -0.71514   0.0729087    0.231422    0.930418    0.531236
  0.0787072    0.364483    0.257363  -0.0688803    -0.26487   -0.555345   -0.489425    0.309793   -0.605274    0.743828
  -0.715323    0.511704   -0.679617  0.00241096    0.322001   -0.233985   -0.206091   0.0879849    0.803095    0.816645
 -0.0758385    0.443831  0.00827052   -0.694693    0.604785   -0.991455   -0.299478     -0.8034    0.594836    0.825068
  -0.529344  -0.0494095    0.926084   -0.353923    0.613758   -0.164159   -0.926756   0.0907315    0.906796   0.0439161
   0.724479    -0.75396    0.391522    0.475997   0.0530717   -0.835505    0.590503   -0.900754    0.697623   -0.119663
  -0.580798   -0.264382    0.849605   -0.372234    0.222205    0.319864   -0.606983    0.949156    0.780694   -0.784722
   0.559313    0.669362   -0.620106    0.653371    0.596362    0.710196   -0.859432  -0.0719321    0.257424   -0.291971
   0.687307   -0.929807   -0.328104    0.918149    0.801202   -0.870296   -0.221168     0.93994   -0.629078    0.646107
   0.993591   0.0340281     -0.6433    0.746696   -0.710379     0.62212    0.181494    0.455733    0.233863   -0.144566
    0.99939    0.325968    0.990356    0.450056    0.260353    0.324137    -0.85815   0.0619221   -0.470016   -0.660329
   0.222999   -0.147557  -0.0851161   -0.399884   -0.195166    0.382977   -0.604663    0.359844   -0.498703   -0.998291
  -0.215125   -0.790643    0.996033    0.887997   -0.492599    0.605396   -0.688223    0.385601      0.4644     0.31492
  -0.467574    0.898679   -0.804987   -0.745537    -0.72692   0.0602741    0.288675   -0.255776     0.57622    0.547105
  -0.405438    0.842769    0.250343   -0.868526    0.710379    0.371258  -0.0913419   -0.222755   -0.658132   -0.872555
   0.680288   0.0990936   -0.811213    0.569933   -0.867672   -0.714469    0.208594   -0.900082    0.427778   -0.820368
  -0.952513   -0.308023   -0.124546   0.0491653   -0.144383    0.379009    0.394696    0.619556  -0.0381176   -0.228675
  -0.248268  -0.0565508    0.863033    0.219275    0.146702    0.455794   -0.117405   -0.660878   -0.837031    0.367779
  -0.814753   -0.250038   -0.903134    0.912229   -0.395428    0.555467    0.368938   -0.878353    0.613086    0.615223
   0.354411     0.69396    0.789239   -0.855464   0.0961028   -0.937864   -0.206946   -0.378887    0.710685   -0.691824
   -0.88757   -0.366253   -0.419965    0.751274   -0.548875    0.737358    0.671438    0.568957   -0.750725   -0.714286
  -0.982421  -0.0878018   -0.545396    0.307718     -0.3773    0.289041    0.184423    -0.57506   -0.385052   -0.903073
    0.83758   -0.456221    0.538133   -0.355754   -0.778741    0.413129   -0.600818   -0.356182    0.146641   -0.307718
  -0.448225    0.965941   -0.178564   -0.790399    0.616077   -0.829096    0.898923  -0.0306711  -0.0540483   -0.962889
  -0.454207   -0.404401   -0.596057   0.0101016   -0.730583    0.103977    0.752007   -0.981689    0.524094    0.956847
   0.175817    0.478378    0.256142   -0.545824   -0.431501     0.89581    -0.21659   -0.120273    -0.61626    0.295267
   0.382366    0.134556    0.208289   -0.419416     0.57622   -0.882443    0.974914    0.015717     0.45555   -0.892697
   0.675222    -0.60802  -0.0967742    0.839961     0.79046   -0.450056   -0.629383     0.21189    0.990051    0.828303
   0.452986    0.522629  -0.0672933    0.102329    0.579272   -0.709647    0.791437    0.517075   -0.969298    0.274941
 -0.0301218    0.678884    0.195654    0.325602    0.487594    0.963561      0.1489   -0.197851    0.295267    -0.13657
  -0.589282   -0.204688    0.269448   -0.770928    0.230445    0.239967   -0.115879   -0.300394    0.383282   -0.957884
   0.487472  0.00180059    0.709586  -0.0149236   -0.277749    -0.41551    0.254677    0.685293   -0.651723   -0.514817
 -0.0630818    0.780328    0.657582   -0.241737    0.713309    0.844966    0.417035     0.88464    -0.85577   -0.216102
 -0.0840785   -0.945067     0.24955 -0.00637837   -0.543016   -0.264931   -0.900754     0.24662   -0.450056    0.308023
   0.898312    0.989257    0.441816    0.586718    0.727165     0.38908   -0.428877    0.994568    0.353252    0.563768
   0.488876    0.145177    0.131504   0.0185247   -0.541124   -0.562731   -0.479598   -0.893063    0.677847   -0.954344
  -0.783441   -0.898984   -0.249733   -0.235267     -0.5009   -0.688162   -0.184729    0.125706    0.113315    0.652089
